##FastQC	0.10.1
>>Basic Statistics	pass
#Measure	Value	
Filename	paired_1.fastq.gz	
File type	Conventional base calls	
Encoding	Sanger / Illumina 1.9	
Total Sequences	31238940	
Filtered Sequences	0	
Sequence length	36-100	
%GC	44	
>>END_MODULE
>>Per base sequence quality	pass
#Base	Mean	Median	Lower Quartile	Upper Quartile	10th Percentile	90th Percentile
1	32.940991019541634	34.0	31.0	34.0	31.0	34.0
2	33.14330217350525	34.0	33.0	34.0	31.0	34.0
3	33.17422390132316	34.0	33.0	34.0	31.0	34.0
4	36.48357962850212	37.0	37.0	37.0	35.0	37.0
5	36.413128774535885	37.0	37.0	37.0	35.0	37.0
6	36.41324497566178	37.0	37.0	37.0	35.0	37.0
7	36.42365717274658	37.0	37.0	37.0	35.0	37.0
8	36.43205934644389	37.0	37.0	37.0	35.0	37.0
9	38.28021994344238	39.0	39.0	39.0	37.0	39.0
10-14	38.57381005885603	39.4	39.2	39.4	37.2	39.4
15-19	39.86733551778646	41.0	40.0	41.0	38.0	41.0
20-24	39.851402947731266	41.0	40.0	41.0	38.0	41.0
25-29	39.74770604892483	41.0	40.0	41.0	37.0	41.0
30-34	39.63410956325663	41.0	40.0	41.0	37.0	41.0
35-39	39.49742713319942	41.0	39.6	41.0	36.0	41.0
40-44	39.35965522050297	41.0	39.0	41.0	35.6	41.0
45-49	39.15398820880582	41.0	38.8	41.0	35.0	41.0
50-54	38.889030136363814	40.2	38.0	41.0	35.0	41.0
55-59	38.55882657392023	40.0	37.0	41.0	34.6	41.0
60-64	38.05703957632075	39.4	35.8	41.0	34.0	41.0
65-69	37.39598857865585	38.4	35.0	40.4	34.0	41.0
70-74	36.619509251609074	36.6	35.0	39.2	33.6	41.0
75-79	35.89224237111124	35.6	35.0	37.6	33.0	39.6
80-84	35.173046142293686	35.0	35.0	36.4	33.0	38.2
85-89	34.647315662397716	35.0	35.0	35.8	33.0	36.6
90-94	34.43611316852539	35.0	35.0	35.0	33.0	36.0
95-99	34.36148591613319	35.0	35.0	35.0	33.0	36.0
100	34.34288546086703	35.0	35.0	35.0	33.0	35.0
>>END_MODULE
>>Per sequence quality scores	pass
#Quality	Count
19	1.0
20	0.0
21	9.0
22	53.0
23	412.0
24	1879.0
25	7260.0
26	22492.0
27	54554.0
28	108488.0
29	179025.0
30	263975.0
31	364322.0
32	487423.0
33	666469.0
34	994384.0
35	1721425.0
36	3114696.0
37	5996763.0
38	1.2141918E7
39	5075557.0
40	37835.0
>>END_MODULE
>>Per base sequence content	fail
#Base	G	A	T	C
1	29.26751996066448	34.61605291344713	22.69719779224263	13.419229333645763
2	31.298827706101527	31.643445849799434	17.635690653109563	19.422035790989472
3	28.325352908901518	31.868782999679247	22.8838814633275	16.921982628091733
4	25.75643246585408	33.95238535523982	21.586350323743037	18.704831855163068
5	26.9107992444704	33.10228249920464	21.029120645215773	18.957797611109186
6	24.54033873090164	30.22329226163582	25.1241809066898	20.112188100772734
7	22.2287653668665	27.02524251730268	25.351634803408913	25.394357312421906
8	19.98905276520435	29.398876191025565	28.941744788451363	21.670326255318724
9	22.873753491325484	28.925963732598113	28.468466126732185	19.731816649344218
10-14	23.209438819490806	28.858411791815925	25.357666500682193	22.574482888011083
15-19	21.075184066221553	30.612986190003593	25.979610096939094	22.332219646835757
20-24	21.000591506065096	29.456283066543122	26.306116008814907	23.237009418576875
25-29	20.845360182007283	29.503068252109998	25.348353687629043	24.303217878253676
30-34	21.04929302888386	29.536841566124288	27.214218810521494	22.19964659447036
35-39	20.53411819594735	30.57730949763271	24.801171964642826	24.087400341777116
40-44	20.779962581264964	30.318866300670493	26.84413975288716	22.057031365177384
45-49	21.176202702215885	29.075391589362354	26.02550418951484	23.722901518906923
50-54	22.222055077773796	30.169087191124955	25.818982124081707	21.789875607019546
55-59	20.65103407589787	29.519508857232047	27.350292596681196	22.479164470188888
60-64	22.12261433368615	28.48111200546486	26.25671317108276	23.139560489766232
65-69	21.625373229101452	30.87089813124466	26.60490217592662	20.898826463727264
70-74	22.32934798056482	30.046972478315304	25.881719482592917	21.741960058526953
75-79	22.509427420067727	29.672033723760848	25.509787751170503	22.30875110500092
80-84	23.366668696533665	30.03332319185082	25.45316584457053	21.14684226704498
85-89	20.840222873668502	30.133435409677556	27.460495235367354	21.565846481286588
90-94	21.6182097506287	30.31090781707476	25.82512632041027	22.24575611188627
95-99	21.432350077685907	29.90440656054702	26.011618923823598	22.651624437943475
100	24.304967657169872	28.351679353043103	24.704580184710103	22.638772805076922
>>END_MODULE
>>Per base GC content	warn
#Base	%GC
1	42.686749294310246
2	50.720863497090996
3	45.247335536993255
4	44.46126432101715
5	45.86859685557958
6	44.65252683167438
7	47.62312267928841
8	41.659379020523076
9	42.6055701406697
10-14	45.78392170750188
15-19	43.407403713057306
20-24	44.237600924641974
25-29	45.14857806026096
30-34	43.24893962335422
35-39	44.62151853772446
40-44	42.836993946442355
45-49	44.899104221122805
50-54	44.011930684793334
55-59	43.13019854608676
60-64	45.262174823452376
65-69	42.52419969282872
70-74	44.071308039091775
75-79	44.818178525068646
80-84	44.51351096357865
85-89	42.406069354955086
90-94	43.863965862514966
95-99	44.08397451562938
100	46.943740462246794
>>END_MODULE
>>Per sequence GC content	fail
#GC Content	Count
0	3466.0
1	2035.5
2	567.5
3	529.0
4	621.0
5	749.5
6	894.0
7	1182.5
8	1514.0
9	1934.0
10	2463.5
11	3039.5
12	3737.0
13	4557.0
14	5421.0
15	6375.0
16	7919.5
17	10193.0
18	13418.5
19	18190.5
20	25530.5
21	36464.5
22	51279.5
23	71596.0
24	98008.5
25	131632.0
26	172050.5
27	211528.5
28	252361.5
29	300546.5
30	352239.0
31	417504.0
32	523608.0
33	624259.0
34	732979.5
35	862573.0
36	973724.5
37	1120758.5
38	1487579.0
39	1599119.5
40	1439116.5
41	1485248.0
42	1468699.5
43	1446827.0
44	1349541.5
45	1496770.5
46	1427508.5
47	1004961.5
48	905999.0
49	877751.5
50	814135.0
51	732643.0
52	667435.0
53	630339.5
54	586151.5
55	493765.0
56	433025.5
57	395947.5
58	372093.5
59	365822.0
60	380634.0
61	408398.0
62	524898.5
63	451252.5
64	234170.5
65	186564.0
66	176676.0
67	207608.5
68	204642.0
69	131243.0
70	86998.5
71	72327.5
72	59658.0
73	46396.5
74	33160.0
75	24664.0
76	19744.0
77	13388.0
78	7630.0
79	4776.5
80	3343.5
81	2585.5
82	1899.0
83	1262.5
84	909.0
85	744.0
86	580.0
87	421.5
88	304.0
89	232.0
90	231.5
91	246.0
92	225.5
93	128.0
94	40.0
95	37.0
96	19.0
97	1.0
98	1.5
99	2.0
100	2.0
>>END_MODULE
>>Per base N content	pass
#Base	N-Count
1	0.0
2	5.121812711955015E-5
3	0.0
4	0.046861385181443414
5	0.004846515278687433
6	0.003348385060440591
7	4.4175634640612E-4
8	3.2011329449718846E-6
9	2.816996991575258E-4
10-14	0.002169087683512949
15-19	1.5045324841367856E-4
20-24	1.216430519089316E-4
25-29	4.545608781860076E-5
30-34	1.2804531779887538E-4
35-39	1.3899660592066613E-4
40-44	9.946968284072375E-5
45-49	6.121947522691559E-4
50-54	3.074331238695428E-4
55-59	4.5673608755875E-4
60-64	4.3258630405987493E-4
65-69	2.4017833072282206E-5
70-74	7.117642119567201E-4
75-79	9.197935941425248E-5
80-84	0.0
85-89	3.030379535032297E-4
90-94	0.0014270831562484061
95-99	2.1038567200105658E-4
100	0.0
>>END_MODULE
>>Sequence Length Distribution	warn
#Length	Count
36-37	25297.0
38-39	23971.0
40-41	24094.0
42-43	25076.0
44-45	25681.0
46-47	26711.0
48-49	27782.0
50-51	29527.0
52-53	28293.0
54-55	28333.0
56-57	31129.0
58-59	29535.0
60-61	29674.0
62-63	28980.0
64-65	30476.0
66-67	28367.0
68-69	26350.0
70-71	28485.0
72-73	31441.0
74-75	35046.0
76-77	32294.0
78-79	30037.0
80-81	40836.0
82-83	72921.0
84-85	147331.0
86-87	132906.0
88-89	36948.0
90-91	65916.0
92-93	54918.0
94-95	62952.0
96-97	77810.0
98-99	208292.0
100-101	2.9711531E7
>>END_MODULE
>>Sequence Duplication Levels	fail
#Total Duplicate Percentage	78.00569985804536
#Duplication Level	Relative count
1	100.0
2	60.01379514213923
3	33.12969075889705
4	19.226158217142107
5	12.553579346701483
6	9.27394853098159
7	7.258872411358
8	5.723341708955346
9	4.928478757123385
10++	76.34790034652083
>>END_MODULE
>>Overrepresented sequences	fail
#Sequence	Count	Percentage	Possible Source
GCTAAACCTAGCCCCAAACCCACTCCACCTTACTACCAGACAACCTTAGC	715320	2.2898344181972883	No Hit
GGATGTGAGGGCGATCTGGCTGCGACATCTGTCACCCCATTGATCGCCAG	488824	1.5647906106929363	No Hit
TAGAATCTTAGTTCAACTTTAAATTTGCCCACAGAACCCTCTAAATCCCC	326389	1.0448145807764284	No Hit
ATAGGTTTGGTCCTAGCCTTTCTATTAGCTCTTAGTAAGATTACACATGC	270395	0.8655703426556727	No Hit
AACCCACTCCACCTTACTACCAGACAACCTTAGCCAAACCATTTACCCAA	230281	0.7371600957010704	No Hit
GCCGGGCGCGGTGGCGCGTGCCTGTAGTCCCAGCTACTCGGGAGGCTGAG	139508	0.44658365488713764	No Hit
AGAATCTTAGTTCAACTTTAAATTTGCCCACAGAACCCTCTAAATCCCCT	88026	0.2817829286140951	No Hit
AGCTCAACACCCACTACCTAAAAAATCCCAAACATATAACTGAACTCCTC	80533	0.25779683945742077	No Hit
AATGCCCCAACTAAATACTACCGTATGGCCCACCATAATTACCCCCATAC	76981	0.24642641523688064	No Hit
GGGATGTGAGGGCGATCTGGCTGCGACATCTGTCACCCCATTGATCGCCA	73943	0.23670137335005606	No Hit
GACAACCTTAGCCAAACCATTTACCCAAATAAAGTATAGGCGATAGAAAT	69404	0.22217143091282868	No Hit
TAACAGCTAAGGACTGCAAAACCCCACTCTGCATCAACTGAACGCAAATC	65246	0.20886112012763555	No Hit
AATAGGTTTGGTCCTAGCCTTTCTATTAGCTCTTAGTAAGATTACACATG	62404	0.19976350029802548	No Hit
GGGAGAGATCCTTCCGCAGGTTCACCTACGGAAACCTTGTTACGACTTTT	54713	0.1751435868182467	No Hit
TAGGGACCTGTATGAATGGCTCCACGAGGGTTCAGCTGTCTCTTACTTTT	54079	0.17311406853113454	No Hit
ACCTAAAAAATCCCAAACATATAACTGAACTCCTCACACCCAATTGGACC	49078	0.15710520267333014	No Hit
AACAGCTAAGGACTGCAAAACCCCACTCTGCATCAACTGAACGCAAATCA	45553	0.14582120904230425	No Hit
ACTCAATTGATCCAATAACTTGACCAACGGAACAAGTTACCCTAGGGATA	38442	0.12305795267060918	No Hit
AAATCCCCTTGTAAATTTAACTGTTAGTCCAAAGAGGAACAGCTCTTTGG	36984	0.11839070083684018	No Hit
TGGATGTGAGGGCGATCTGGCTGCGACATCTGTCACCCCATTGATCGCCA	36387	0.11647962446869196	No Hit
CCACCTTACTACCAGACAACCTTAGCCAAACCATTTACCCAAATAAAGTA	34554	0.11061194778055851	No Hit
CACCCACTACCTAAAAAATCCCAAACATATAACTGAACTCCTCACACCCA	33243	0.10641526248970036	No Hit
ATGACCCACCAATCACATGCCTATCATATAGTAAAACCCAGCCCATGACC	31958	0.10230180665541147	No Hit
TGCCCCTCATTTACATAAATATTATACTAGCATTTACCATCTCACTTCTA	31912	0.10215455453994277	No Hit
>>END_MODULE
>>Kmer Content	warn
#Sequence	Count	Obs/Exp Overall	Obs/Exp Max	Max Obs/Exp Position
TTTTT	13625205	3.9576154	5.570875	8
CTGGC	6081300	3.3305473	21.682657	95-96
GGCTG	5947405	3.2885983	8.85184	60-64
CCTGG	5460570	2.9905918	10.4430685	90-94
CACCC	6399990	2.972169	8.502672	30-34
ACCCA	7832690	2.6960843	10.176929	2
GCTGG	4792730	2.6501243	9.127508	70-74
TGGCT	5455145	2.5618305	8.166179	15-19
CCCAC	5443360	2.527908	13.398171	3
CCCAA	7330275	2.5231483	7.0134854	10-14
GGAGG	5113505	2.46757	5.2501435	2
CCAAA	9285420	2.3689306	6.047789	10-14
CCTCC	4368600	2.3471084	7.397754	90-94
AAACC	9092500	2.3197122	19.934694	4
CCCCA	4853820	2.2541244	8.074921	10-14
AACCT	7594010	2.2413957	23.19304	5
CCCTC	4020145	2.1598947	8.365198	95-96
GCTGC	3904125	2.138173	7.2869124	15-19
AAAAA	15255215	2.1380885	5.4104724	1
CCACC	4601105	2.136763	12.641336	9
TCACC	5338050	2.1256988	6.3071218	30-34
TCCCC	3884665	2.0871058	6.350076	85-89
TCTGG	4390740	2.0619674	7.365828	65-69
CCAGG	4341540	2.055258	7.642828	45-49
GGTGG	3673220	2.0506635	5.108531	1
TCCTC	4448110	2.049233	5.7301536	90-94
TTTGG	5015380	2.0196347	12.811566	6
CCCCT	3690300	1.9826798	6.3572774	45-49
AGCCA	5562895	1.9332477	6.344743	45-49
ACCTG	4797720	1.9289376	7.28453	90-94
ACCCT	4828190	1.9226643	5.370409	35-39
CAGCT	4773470	1.9191878	5.0269365	80-84
CCTCT	4019600	1.8518194	5.346887	35-39
GGAGA	5177540	1.834165	5.6443424	2
ACCTT	5339325	1.8231835	7.955975	25-29
GGGAG	3740980	1.8052453	8.442444	1
CTTTG	4509025	1.7984048	5.164313	85-89
AACCC	5164650	1.77772	9.247025	1
GCCAG	3722010	1.7619762	7.352007	45-49
CCACT	4404195	1.7538227	11.574889	4
ACTCC	4395325	1.7502904	10.487922	6
GCCCC	2748780	1.738882	10.093092	10-14
TGAGG	4234200	1.7353336	22.01874	6
CTACC	4352910	1.7334	7.0915103	30-34
CAAAC	6770750	1.7273788	5.184015	15-19
CTCCA	4322595	1.7213283	10.510977	7
CCAGA	4930775	1.7135701	6.209075	35-39
GCTGA	4153445	1.6859934	6.451582	60-64
TGCCC	3098360	1.6806873	5.8324738	25-29
ACCCC	3603680	1.6735567	5.7448654	30-34
CCTTG	3556195	1.6541142	5.0993967	45-49
ATCTG	4796180	1.653498	5.355164	65-69
CCCTT	3580940	1.6497298	5.0624804	45-49
GGCGA	3439355	1.6438557	7.396866	75-79
TAGCC	4068495	1.6357505	31.68551	9
GAGGG	3362885	1.6227919	26.092451	7
AGGCG	3392440	1.6214324	13.993137	75-79
AGCCC	3450890	1.6180408	7.705743	10-14
CATTT	5520285	1.6163316	5.4035807	55-59
ACCAG	4625850	1.6076007	6.120224	35-39
CAGGG	3329275	1.5912424	7.2848363	45-49
CACCT	3975250	1.5830096	6.807532	25-29
CCATT	4592770	1.5682626	7.0958123	35-39
GGGTG	2794630	1.5601693	6.7070003	80-84
TCTGT	3869265	1.5432395	6.2932053	25-29
GCTCT	3300820	1.53533	5.0610065	80-84
CCTTA	4493850	1.534485	7.610575	25-29
GCCCA	3194120	1.4976474	6.0930657	25-29
GGTTT	3707355	1.4929082	12.850488	4
GGTTG	3123035	1.4807613	7.114317	50-54
GGGTT	3117955	1.4783527	7.1570168	50-54
GGATG	3565620	1.4613245	21.221392	1
CTTAG	4211585	1.4519571	14.162961	7
GCCAA	4155935	1.4442933	5.935172	45-49
GTTTG	3564100	1.4352213	12.558119	5
CTGTC	3075360	1.4304605	5.8469906	25-29
TACCC	3575725	1.4239122	6.6290345	60-64
CTAAA	6503345	1.4226971	16.350433	2
GGCGG	2183470	1.421575	8.772033	75-79
TGATC	4106985	1.4158959	5.228227	60-64
ACTAC	4787350	1.4130014	5.309873	30-34
ATTTA	6489930	1.4084364	5.858242	55-59
GGGCG	2162440	1.407883	33.36622	9
TCCCT	3033465	1.3975096	8.754401	95-96
TGGCG	2520695	1.3938102	20.589615	95-96
TAGGC	3422905	1.3894479	11.388544	75-79
GGGGA	2866810	1.3834062	6.2846446	1
GGGGG	2099410	1.3800155	8.3720665	1
TTACC	3985190	1.3607962	6.1437917	55-59
CCTAG	3382185	1.3598176	29.244099	7
CAGAC	3912025	1.3595283	5.8289895	35-39
CAACC	3946260	1.3583391	5.7572284	40-44
GTGAG	3305885	1.3548753	21.655516	5
TGTGA	3883640	1.3517964	18.544676	4
CTAGG	3315380	1.3458006	9.2747755	95-96
AGGGC	2798805	1.3377018	25.066832	8
AGTCC	3315825	1.3331373	5.644969	65-69
TTAGT	4490130	1.32737	10.106146	8
GTCCA	3202625	1.2876251	5.5743265	65-69
TAGAA	5803780	1.28189	7.8893995	1
CCCAT	3206240	1.2767774	6.2722797	35-39
TCCAC	3201205	1.2747724	10.15249	8
TTTAC	4325045	1.2663671	5.1131635	55-59
TTGGT	3109185	1.2520323	12.208641	7
GGCGC	1936825	1.2489607	10.004865	5
ATGTG	3565650	1.2411121	17.726768	3
GGTGT	2601010	1.2332474	5.2352104	80-84
CACTC	3086105	1.2289375	10.094744	5
TTAGC	3502585	1.2075272	5.605358	45-49
CATTG	3472565	1.1971776	5.322178	35-39
GATGT	3436000	1.1959844	17.796762	2
TATAG	4662285	1.1913387	5.381288	70-74
CATCT	3476220	1.1870015	5.220895	25-29
GGGAT	2884585	1.1822108	5.3626413	1
ACCTA	3868320	1.1417468	21.929384	6
ATAGG	3757355	1.130467	9.2483635	1
TGTCA	3274705	1.1289647	5.2301154	30-34
CTGAT	3221770	1.1107153	5.25392	60-64
TGGTC	2337005	1.0974979	13.622261	8
GGTCC	2000940	1.0958554	15.972896	9
GCTAA	3638545	1.0842746	21.336058	1
TACCA	3643925	1.0755159	5.0068707	30-34
GTTGA	3083805	1.0733942	5.217397	50-54
GTCCC	1977670	1.0727756	5.372095	85-89
ATCTT	3587480	1.0504091	10.2100725	5
AATCT	4149265	1.0501311	8.84373	4
CTTAC	3073565	1.0495098	5.406654	25-29
AGAAT	4705330	1.0392736	7.92942	2
GCGGG	1592370	1.036732	6.8060493	75-79
CCCCG	1635830	1.0348283	5.200144	55-59
AGGTT	2955300	1.028665	10.3077755	3
TCTTA	3490425	1.0219915	10.248526	6
GCGAT	2507585	1.0178952	6.0986943	75-79
CTAGC	2393455	0.96229565	28.77296	8
CTGCG	1733530	0.94940287	7.499072	20-24
GATTC	2661685	0.91762424	5.073812	55-59
CGGCT	1635295	0.8956024	6.0435276	55-59
CGCCA	1870280	0.8769301	6.4260864	45-49
GTCAC	2180765	0.8767831	5.6266193	30-34
GCGAC	1815865	0.85961914	6.4256077	20-24
CCGGG	1322130	0.8525749	9.398616	2
GGCTA	2089700	0.84826463	5.668944	70-74
TCGGC	1479625	0.81034666	7.3146415	55-59
GCCGG	1242810	0.80142546	9.320529	1
TCGCC	1467400	0.7959826	5.920055	40-44
TTCGG	1684160	0.79091066	6.612273	55-59
GAATC	2647645	0.7889896	10.1628685	3
TAGTT	2606100	0.77041405	10.054807	9
TAAAC	3473570	0.75989175	15.800511	3
GTACC	1780220	0.71574277	5.6372895	95-96
ACTAG	2381585	0.7097046	5.491221	95-96
CGGGC	1076360	0.6940902	9.708744	3
GATCG	1539480	0.6249158	5.3579507	40-44
TAGGT	1788905	0.62267244	9.642674	2
CGGGT	1117740	0.61805063	5.904347	80-84
CGATC	1533820	0.61667687	5.258795	10-14
ATCGC	1505570	0.60531884	5.310883	40-44
CGGTG	1002380	0.55426276	8.716832	9
GCGCG	805835	0.5196423	9.629311	6
CGCGG	776250	0.50056446	9.719842	7
TGCGA	1225015	0.49726608	5.3358536	20-24
GCGGT	842530	0.46587417	8.307791	8
>>END_MODULE
