##FastQC	0.10.1
>>Basic Statistics	pass
#Measure	Value	
Filename	cutadapt_1.fastq	
File type	Conventional base calls	
Encoding	Sanger / Illumina 1.9	
Total Sequences	39236520	
Filtered Sequences	0	
Sequence length	100	
%GC	44	
>>END_MODULE
>>Per base sequence quality	pass
#Base	Mean	Median	Lower Quartile	Upper Quartile	10th Percentile	90th Percentile
1	32.81543271421624	34.0	31.0	34.0	31.0	34.0
2	33.03780304675338	34.0	33.0	34.0	31.0	34.0
3	33.06545396992394	34.0	33.0	34.0	31.0	34.0
4	36.394621362954716	37.0	37.0	37.0	35.0	37.0
5	36.30683791528912	37.0	37.0	37.0	35.0	37.0
6	36.30827698277013	37.0	37.0	37.0	35.0	37.0
7	36.316012403750385	37.0	37.0	37.0	35.0	37.0
8	36.32253507701498	37.0	37.0	37.0	35.0	37.0
9	38.16338607501379	39.0	39.0	39.0	37.0	39.0
10-14	38.42890503541089	39.4	39.2	39.4	36.8	39.4
15-19	39.70435422917221	41.0	40.0	41.0	37.0	41.0
20-24	39.67204738850438	41.0	40.0	41.0	37.0	41.0
25-29	39.517847026188875	41.0	40.0	41.0	36.6	41.0
30-34	39.334937553075555	41.0	39.2	41.0	36.0	41.0
35-39	39.116841840203975	41.0	39.0	41.0	35.4	41.0
40-44	38.75573446370881	41.0	38.6	41.0	34.8	41.0
45-49	38.61716624206225	40.8	38.0	41.0	34.8	41.0
50-54	38.31272458923472	40.0	37.8	41.0	33.8	41.0
55-59	37.916279868856876	40.0	36.6	41.0	33.6	41.0
60-64	37.40650413441355	39.2	35.4	41.0	33.0	41.0
65-69	36.67008163822887	38.2	35.0	40.4	32.8	41.0
70-74	35.48266382441663	36.4	35.0	39.0	31.6	41.0
75-79	33.73468774498859	35.4	35.0	37.6	29.0	39.8
80-84	33.02254044446347	35.0	34.6	36.4	28.4	38.2
85-89	32.28544711916347	35.0	34.0	35.6	26.0	36.8
90-94	31.900117844294037	35.0	34.0	35.0	25.4	36.0
95-99	31.595571222932108	35.0	34.0	35.0	24.6	35.8
100	31.320081240640096	35.0	34.0	35.0	23.0	35.0
>>END_MODULE
>>Per sequence quality scores	pass
#Quality	Count
2	101.0
3	232.0
4	598.0
5	770.0
6	2178.0
7	4927.0
8	10517.0
9	16161.0
10	22637.0
11	30168.0
12	33945.0
13	39478.0
14	40282.0
15	42535.0
16	41545.0
17	43003.0
18	48091.0
19	53119.0
20	63398.0
21	73654.0
22	89921.0
23	111785.0
24	144459.0
25	185685.0
26	244261.0
27	345629.0
28	555292.0
29	1063516.0
30	398045.0
31	502034.0
32	649266.0
33	888273.0
34	1214768.0
35	2090236.0
36	3519412.0
37	6652015.0
38	1.3624699E7
39	6337061.0
40	52824.0
>>END_MODULE
>>Per base sequence content	fail
#Base	G	A	T	C
1	28.59317706160187	34.25304840875854	23.950568829411147	13.203205700228443
2	32.13995750014746	30.848741651757123	18.20600513741329	18.80529571068213
3	28.31845029654831	32.47535881855015	22.96029383147558	16.245897053425967
4	26.143234077286326	33.284240657018124	22.470253431021007	18.10227183467454
5	27.554409110003274	32.33414312310228	22.082074634862607	18.029373132031836
6	25.370274560023002	29.249640051602743	26.095782684188805	19.284302704185446
7	22.79328430878748	26.73138443974346	26.261296799973138	24.21403445149592
8	20.760085417778456	29.258049769228332	29.408871880692764	20.57299293230044
9	23.70582182364874	28.45873941099839	28.328667405317344	19.506771360035525
10-14	23.72854960594166	28.544413783865185	26.033429210667087	21.693607399526062
15-19	21.57953691713202	29.862252600924418	26.67045069067396	21.88775979126961
20-24	21.505838881949423	28.861820428237557	26.93590789686044	22.696432792952585
25-29	21.340137138286323	29.27861203325196	26.039403957567814	23.3418468708939
30-34	21.407510638781336	29.23543767219938	27.49120048902966	21.865851199989624
35-39	20.946275702261595	30.00829724427396	25.464270154844986	23.581156898619458
40-44	21.408781378025584	29.83246547678738	27.37231261454282	21.386440530644222
45-49	21.62626191213988	28.889632700761496	26.225720536029094	23.258384851069522
50-54	22.91775812161294	28.367451644990062	26.282898571795254	22.43189166160174
55-59	20.288769705648857	27.828441720644182	29.036384363906574	22.84640420980039
60-64	23.306758868489087	26.774069621756908	27.261952536000887	22.657218973753114
65-69	21.022581488134414	33.4382609909496	25.699824653944102	19.83933286697188
70-74	21.754874117996184	32.56648179910078	25.09088598229075	20.587758100612287
75-79	22.17016924763384	30.872703664062566	25.33254093840754	21.624586149896057
80-84	23.481161151562002	29.949671345159075	25.443872222754276	21.125295280524647
85-89	21.243903799867113	29.54165638990239	27.100358181761848	22.114081628468654
90-94	21.65262050358906	29.52524816672654	26.060708103673846	22.76142322601055
95-99	21.38791877081401	29.430032455837836	26.255053579647193	22.926995193700964
100	23.51324921277063	28.07831499293303	25.05316143757657	23.35527435671977
>>END_MODULE
>>Per base GC content	warn
#Base	%GC
1	41.796382761830316
2	50.94525321082959
3	44.56434734997428
4	44.24550591196087
5	45.583782242035106
6	44.65457726420845
7	47.007318760283404
8	41.3330783500789
9	43.21259318368426
10-14	45.422157005467724
15-19	43.467296708401626
20-24	44.20227167490201
25-29	44.68198400918022
30-34	43.27336183877096
35-39	44.52743260088105
40-44	42.7952219086698
45-49	44.88464676320941
50-54	45.34964978321468
55-59	43.13517391544925
60-64	45.9639778422422
65-69	40.86191435510629
70-74	42.34263221860847
75-79	43.7947553975299
80-84	44.60645643208665
85-89	43.357985428335766
90-94	44.41404372959961
95-99	44.31491396451497
100	46.86852356949041
>>END_MODULE
>>Per sequence GC content	warn
#GC Content	Count
0	123836.0
1	63045.5
2	2293.5
3	2753.0
4	2834.0
5	2934.0
6	3757.5
7	3981.0
8	4141.0
9	4859.5
10	7262.5
11	14165.5
12	25539.0
13	45698.0
14	78444.0
15	119652.5
16	163255.5
17	202361.5
18	229140.0
19	240764.0
20	236839.5
21	220560.5
22	203958.5
23	197146.0
24	204712.5
25	230516.0
26	270817.0
27	316114.5
28	368467.5
29	429967.0
30	496858.0
31	575844.0
32	657451.5
33	765786.0
34	878255.0
35	1020031.5
36	1131057.0
37	1273363.0
38	1607768.5
39	1786532.0
40	1685817.0
41	1640861.5
42	1646265.0
43	1692448.0
44	1566860.5
45	1629016.0
46	1566637.0
47	1163892.0
48	1053246.0
49	1005508.5
50	932000.5
51	848069.0
52	781383.5
53	735950.0
54	661599.5
55	565421.5
56	513211.0
57	468981.0
58	436905.5
59	421041.0
60	395939.0
61	375996.5
62	629509.0
63	680578.5
64	385243.0
65	258542.5
66	220352.0
67	273185.0
68	269872.0
69	158479.0
70	99948.5
71	84391.5
72	70281.0
73	54633.5
74	39098.5
75	26219.0
76	17510.0
77	11737.5
78	7054.5
79	3803.5
80	2148.0
81	1409.0
82	1017.0
83	754.0
84	564.5
85	448.0
86	421.5
87	405.5
88	345.0
89	274.5
90	201.0
91	114.5
92	49.5
93	16.5
94	4.0
95	1.5
96	0.0
97	0.0
98	0.5
99	3.5
100	6.0
>>END_MODULE
>>Per base N content	warn
#Base	N-Count
1	5.309344457663421
2	5.110881393151074
3	5.111704605811116
4	5.15822759001053
5	5.121692749509895
6	5.118361669179632
7	5.123466607130296
8	5.124170033428041
9	5.125288889024817
10-14	5.135524251386209
15-19	5.157383478453237
20-24	5.17828135624668
25-29	5.190447572822462
30-34	5.19987093656624
35-39	5.2074123800989485
40-44	5.208566916739813
45-49	5.196541895152781
50-54	1.3268618113940789
55-59	0.4265928782674916
60-64	0.43383205238385053
65-69	0.4364704107295958
70-74	0.4423567635457986
75-79	0.45164250040523474
80-84	0.46483887969677223
85-89	0.48346948200299106
90-94	0.5039820045202785
95-99	0.5079201723292484
100	0.5079324058300787
>>END_MODULE
>>Sequence Length Distribution	pass
#Length	Count
100	3.923652E7
>>END_MODULE
>>Sequence Duplication Levels	fail
#Total Duplicate Percentage	70.0435824798431
#Duplication Level	Relative count
1	100.0
2	34.923983414563175
3	16.84367498363279
4	10.615649475036978
5	7.589534686355811
6	5.8049028879028155
7	4.579180912199026
8	3.8796343444630343
9	3.1679639194005964
10++	55.07262190538542
>>END_MODULE
>>Overrepresented sequences	fail
#Sequence	Count	Percentage	Possible Source
NNNNNNNNNNNNNNNNNNNNNNNNNNNNNNNNNNNNNNNNNNNNNNNNNN	1895976	4.8321716604836515	No Hit
GGATGTGAGGGCGATCTGGCTGCGACATCTGTCACCCCATTGATCGCCAG	638960	1.6284828521999404	No Hit
GCTAAACCTAGCCCCAAACCCACTCCACCTTACTACCAGACAACCTTAGC	611221	1.5577859606305553	No Hit
ATAGGTTTGGTCCTAGCCTTTCTATTAGCTCTTAGTAAGATTACACATGC	348458	0.8880960900711887	No Hit
TAGAATCTTAGTTCAACTTTAAATTTGCCCACAGAACCCTCTAAATCCCC	328186	0.8364299382310154	No Hit
GCCGGGCGCGGTGGCGCGTGCCTGTAGTCCCAGCTACTCGGGAGGCTGAG	232524	0.5926213639741751	No Hit
AACCCACTCCACCTTACTACCAGACAACCTTAGCCAAACCATTTACCCAA	214248	0.5460423095626218	No Hit
GGGATGTGAGGGCGATCTGGCTGCGACATCTGTCACCCCATTGATCGCCA	105313	0.26840555686386053	No Hit
GACAACCTTAGCCAAACCATTTACCCAAATAAAGTATAGGCGATAGAAAT	94701	0.2413593254447642	No Hit
AGAATCTTAGTTCAACTTTAAATTTGCCCACAGAACCCTCTAAATCCCCT	92130	0.2348067565625086	No Hit
NNNNNNNNNNNNNNNNNNNNNNNNNNNNNNNNNNNNNNNNNNNNNNNNNC	81047	0.20656011287443432	No Hit
AATAGGTTTGGTCCTAGCCTTTCTATTAGCTCTTAGTAAGATTACACATG	70058	0.1785530419109544	No Hit
TAGGGACCTGTATGAATGGCTCCACGAGGGTTCAGCTGTCTCTTACTTTT	64208	0.1636434627739667	No Hit
ATAGGGCGGAGGGAAGCTCATCAGTGGGGCCACGAGCTGAGTGCGTCCTG	61431	0.15656587281440862	No Hit
TGGATGTGAGGGCGATCTGGCTGCGACATCTGTCACCCCATTGATCGCCA	54888	0.13989008199503933	No Hit
AATGCCCCAACTAAATACTACCGTATGGCCCACCATAATTACCCCCATAC	53549	0.13647744499257325	No Hit
AGCTCAACACCCACTACCTAAAAAATCCCAAACATATAACTGAACTCCTC	52493	0.1337860748098965	No Hit
TAACAGCTAAGGACTGCAAAACCCCACTCTGCATCAACTGAACGCAAATC	49009	0.12490659212386827	No Hit
CCACCTTACTACCAGACAACCTTAGCCAAACCATTTACCCAAATAAAGTA	46167	0.11766334017389922	No Hit
ACCAGACAACCTTAGCCAAACCATTTACCCAAATAAAGTATAGGCGATAG	45824	0.11678915459373053	No Hit
>>END_MODULE
>>Kmer Content	warn
#Sequence	Count	Obs/Exp Overall	Obs/Exp Max	Max Obs/Exp Position
TTTTT	20993220	4.6141806	6.8538265	8
AAAAA	34682130	4.1129813	22.593977	65-69
GGCTG	7881565	3.4251323	9.374299	15-19
CTGGC	7535750	3.3317666	14.973359	95-96
CCTGG	6623660	2.928506	7.890302	90-94
GCTGG	6120195	2.6596847	9.159878	70-74
CACCC	6523185	2.6386466	9.217996	30-34
CCTCC	5626680	2.5749373	11.504332	90-94
TGGCT	6974665	2.567123	8.507209	15-19
GGAGG	6473185	2.444032	5.2405076	8
CTGCT	6482730	2.4275293	14.872317	55-59
CCCTC	5213285	2.3857555	15.601558	95-96
CCCCA	5728305	2.3171155	8.568611	35-39
TCCCC	5059755	2.3154953	9.3241415	85-89
TTCTG	7366960	2.2965193	12.390519	55-59
CCCAC	5654590	2.2872975	10.8965435	3
ACCCA	7667510	2.2822237	8.176229	2
GCTGC	5048890	2.232256	7.8708386	15-19
CCAGG	5690710	2.223933	8.580438	45-49
CCCAA	7376685	2.1956604	5.5854464	10-14
CCCCT	4743630	2.1708274	9.439322	85-89
CCAAA	9696905	2.1238284	5.064503	10-14
TCTGG	5755950	2.118558	7.6949496	15-19
CTTCT	6605670	2.0949898	12.065277	55-59
AAACC	9525705	2.0863318	15.423819	4
TCACC	6077190	2.0464427	7.0976706	30-34
CCACC	5022810	2.0317407	10.728058	9
TCTTC	6291865	1.9954664	12.495064	50-54
CTCCC	4319535	1.9767483	7.6549654	90-94
TCTGC	5275865	1.9756055	14.339055	55-59
AACCT	7964095	1.9734021	17.89859	5
TCCTC	5144065	1.9597294	8.054738	90-94
TGAAA	10856215	1.9456145	7.5190506	60-64
TGCTT	6216930	1.9380178	12.224665	55-59
TTTGG	6145110	1.8829045	12.8227215	6
GAAAA	11823095	1.872909	6.9509544	60-64
ACCTG	5657530	1.8725804	5.4716706	90-94
AGCCA	6387665	1.8688003	5.1308255	45-49
GCCAG	4769430	1.8638959	8.190904	45-49
TTCCT	5762805	1.8276746	5.9066095	90-94
CCTCT	4746480	1.8082621	5.082871	75-79
CTTCC	4706595	1.7930671	6.6747355	90-94
ACCCC	4431190	1.7924287	6.6295905	30-34
TTGAA	8703065	1.7645886	8.387942	60-64
GGGAG	4668000	1.7624618	6.039103	1
GCTGA	5348265	1.7399764	6.589872	60-64
ATCTG	6265190	1.7263271	5.727212	25-29
CCCTT	4517645	1.721083	6.61711	85-89
TGAGG	5361980	1.714638	23.009895	6
GCCCC	3150555	1.7023273	7.889397	10-14
CTCCA	5007945	1.6863835	8.785943	7
GCTTG	4557590	1.6774849	15.041786	60-64
TGCCC	3675595	1.6533276	5.315123	25-29
GAGGG	4324685	1.6328388	27.387407	7
CTTGA	5913200	1.6293391	11.945133	60-64
AACCC	5451460	1.6226196	7.7197447	1
CCTTC	4245275	1.6173185	5.355558	85-89
TCCCT	4227330	1.6104817	15.809099	95-96
CAGGG	4153620	1.5955071	7.897548	45-49
AGCCC	4008505	1.5937523	6.0632644	10-14
GGGGG	3157255	1.5923295	6.7516828	1
CCACT	4711955	1.5867113	9.2112875	4
ACCTT	5658545	1.586269	6.015353	25-29
TCTGT	5002775	1.5595266	6.6948175	25-29
GGCGG	3004850	1.5418042	9.422942	75-79
GTCTT	4919240	1.533486	11.869695	50-54
ACTCC	4525740	1.5240049	8.60557	6
CCATT	5432755	1.5229732	7.2764606	35-39
GCCCA	3829515	1.5225871	5.38604	25-29
GGGTG	3555085	1.5185592	7.0183096	80-84
AGGCG	3929880	1.5095632	12.168667	75-79
CACCT	4397935	1.4809678	5.3775563	25-29
TAGCC	4454080	1.4742516	24.285517	9
CTGTC	3932915	1.4727231	6.2981005	25-29
CTACC	4334995	1.4597732	5.481411	30-34
GGCGA	3761090	1.4447268	7.1104736	10-14
GGATG	4471720	1.4299535	22.142727	1
GGTTT	4654860	1.4262813	12.838845	4
TGATC	5158195	1.4213028	5.6293464	40-44
GGGCG	2764705	1.4185846	35.306946	9
GGGTT	3898175	1.4102676	7.010178	50-54
AGGGC	3640780	1.3985127	27.060596	8
GTTTG	4511000	1.3822018	12.620559	5
GGTTG	3797050	1.3736829	6.9076934	50-54
AGTCC	4125640	1.3655417	5.299672	65-69
GGGGA	3611030	1.3633894	5.5272765	1
GTCCC	3016950	1.357061	8.149541	85-89
TGTGA	5002555	1.3548698	19.429878	4
GTGAG	4150535	1.3272458	22.665169	5
CCGTC	2908970	1.3084904	16.198086	50-54
CTTAG	4746030	1.3077339	12.574365	7
TGTCC	3484380	1.3047643	5.1314926	80-84
CCTTA	4612190	1.2929428	5.7215104	25-29
CCCAT	3810680	1.2832146	7.033069	35-39
GGCGC	2428160	1.2675552	13.634643	5
ATGTG	4671475	1.2652016	18.553522	3
TGGCG	2895115	1.2581451	13.449532	95-96
CTAAA	6891805	1.2565926	12.02129	2
GTCCA	3795235	1.2561811	5.159996	65-69
CTAGG	3860110	1.2558278	7.3596363	95-96
CATCT	4447420	1.2467525	5.8230314	25-29
TAGGC	3823015	1.2437595	9.721071	75-79
GGTGT	3433185	1.242045	5.920452	80-84
CATTG	4448755	1.2258217	5.7789187	35-39
TCCAC	3634195	1.2237847	8.394067	8
AGGGT	3813965	1.2196184	5.1280317	45-49
CCTAG	3682625	1.2189087	21.31853	7
GATCT	4415095	1.2165473	5.435018	10-14
GATGT	4427365	1.199088	18.624846	2
TTGGT	3912845	1.1989229	12.347593	7
GCGGG	2331750	1.1964331	7.390409	75-79
TGTCA	4272685	1.1773071	5.6980634	30-34
TAGAA	6415300	1.1497285	6.880094	1
CTGAT	4143235	1.1416382	5.3959594	60-64
CACTC	3380320	1.1382945	8.294815	5
CGTCT	3035520	1.1366837	13.577015	50-54
GGTCC	2564520	1.1338462	17.023115	9
TTAGT	4913645	1.1271142	8.276965	8
GGGAT	3481015	1.1131487	5.71633	1
TGGTC	3014915	1.1096816	14.231088	8
CCCCG	2038315	1.1013551	5.500639	55-59
GCTAA	4431185	1.0792346	15.430038	1
GTGTC	2878530	1.0594832	5.810557	80-84
AGAAT	5898140	1.057045	6.9081025	2
GTTGA	3881475	1.0512415	5.2424827	50-54
ATCTT	4471225	1.0434554	8.639596	5
ATAGG	4226175	1.01172	10.459143	1
AGGTT	3728520	1.0098159	10.655763	3
ACATC	4072545	1.0091252	5.05478	25-29
TCTTA	4284025	0.9997683	8.592319	6
CTGCG	2215705	0.97962534	8.262671	20-24
ACCTA	3878740	0.9611028	16.18873	6
GTCAC	2890115	0.9565964	6.341676	30-34
AATCT	4629000	0.9548642	7.622378	4
GATTC	3403210	0.93772966	5.2026863	55-59
CGCCA	2357410	0.9372889	7.402562	45-49
CGGCT	2089915	0.9240101	6.1914024	55-59
CCGGG	1731660	0.9039663	12.767054	2
GCGAT	2777815	0.90371984	5.784437	10-14
GGCTA	2686040	0.87386215	5.8795586	70-74
CTAGC	2609275	0.86364144	20.848284	8
TCGCC	1908895	0.8586443	6.565965	40-44
GCCGG	1621705	0.8465673	12.703396	1
TCGGC	1885230	0.8335131	7.612719	55-59
CGGGC	1584840	0.8273229	13.192447	3
GCGAC	2113920	0.8261212	7.1710353	20-24
GAATC	3143455	0.7656024	8.766414	3
TTCGG	2042650	0.7518259	6.59068	55-59
TAGTT	3186130	0.73084897	8.214519	9
TAAAC	3975240	0.7248112	11.659907	3
CGGGT	1528205	0.6641199	6.3737755	80-84
CGATC	2001990	0.6626368	5.942337	10-14
GATCG	2033055	0.6614235	5.84025	40-44
ATCGC	1971215	0.65245056	5.941037	40-44
GCGCG	1176210	0.6140086	13.267174	6
CGGTG	1368465	0.5947009	11.432972	9
TAGGT	2195090	0.59450847	10.041353	2
CGACA	2013760	0.5891535	5.30186	20-24
CGCGG	1074570	0.5609502	13.346532	7
TGCGA	1563500	0.50866085	5.8407016	20-24
GCGGT	1165545	0.5065169	11.067826	8
>>END_MODULE
